=== Monthly Fare Summary ===
Year  Month Avg Fare  Trip Count
--------------------------------
2019  1     36.71     27        
2019  2     36.53     16        
2019  3     38.06     16        
2019  4     33.45     21        
2019  5     37.39     20        
2019  6     34.21     12        
2019  7     28.24     14        
2019  8     29.89     18        
2019  9     31.06     9         
2019  10    27.01     11        
2019  11    29.15     14        
2019  12    36.62     16        
2020  1     32.09     23        
2020  2     22.21     5         
2020  3     33.53     16        
2020  4     32.22     14        
2020  5     34.23     20        
2020  6     29.24     10        
2020  7     40.08     16        
2020  8     31.92     23        
2020  9     34.76     21        
2020  10    28.92     23        
2020  11    31.31     17        
2020  12    35.78     13        
2021  1     34.88     26        
2021  2     30.26     14        
2021  3     27.41     13        
2021  4     34.29     16        
2021  5     35.14     18        
2021  6     30.14     16        
2021  7     29.51     17        
2021  8     25.32     18        
2021  9     30.09     18        
2021  10    34.36     12        
2021  11    31.09     17        
2021  12    32.48     18        
2022  1     37.93     14        
2022  2     31.45     17        
2022  3     39.08     22        
2022  4     33.48     20        
2022  5     28.74     11        
2022  6     34.93     13        
2022  7     28.79     13        
2022  8     33.41     25        
2022  9     34.71     16        
2022  10    34.81     23        
2022  11    34.21     19        
2022  12    31.43     19        
2023  1     37.59     14        
2023  2     32.26     16        
2023  3     30.43     12        
2023  4     40.36     19        
2023  5     30.64     14        
2023  6     34.2      16        
2023  7     28.96     20        
2023  8     34.95     17        
2023  9     29.64     15        
2023  10    28.85     13        
2023  11    27.65     18        
2023  12    25.02     16        
